18370602
18486491
15808992
25298009
26656563
26206505
27477020
23988759
24772075
22563005
23435496
19015088
19107754
21703352
23249349
23221019
23508477
18603608
17964185
29073111
23378834
25944965
29890323
30056560
20188190
26746179
25996424
25534111
28242678
22956840
30852995
24652858
29777673
29265483
25281889
30658938
19136216
25118071
23887810
21955370
19347874
24639542
24051621
11850635
31142792
16171833
20350171
22019860
15528097
26505303
20056152
28477977
27856343
14980212
24582805
17986835
26365506
23574585
23696200
27319001
27007121
17627852
23722983
26892859
28008075
28905269
23667619
26235682
29079809
23684882
26254589
21908447
27165762
25929599
10607399
29221830
23620602
26908320
19048432
26812250
16055351
19944083
22349798
24294841
24294906
17071110
20705602
18501639
29740753
25640962
25911123
18633856
23482624
25716010
18537114
22661409
18514546
21320516
26385612
30272134
28338962
27095057
26323252
24825504
29039129
25042446
27090501
27798249
27622781
21206532
23063451
26608245
30154703
27510495
11496124
26301900
18439411
22726841
26920683
18633834
20096792
24824165
20188182
27266443
24414614
24834034
29771359
26417673
20534459
24633532
24243619
27496338
29330483
19733672
22841755
27458363
24814646
27217118
26598684
29760183
31783116
17408704
20119878
29476765
16035037
27528669
16122944
18633846
21862446
24842782
23813661
26337369
28931014
29097704
24666131
26342221
21249224
24726338
24700584
23327932
23460073
24084068
23720575
24068815
30349467
24097375
11352615
29432769
14568477
23876243
16406606
24462962
31598216
17404215
19439183
25315788
18985118
18985119
27236373
31056647
16759672
26803059
21940454
29324862
26143208
29723244
26262561
21849560
30930310
27716474
15488424
22848759
26117505
25729358
25697049
24583253
26168793
27803286
23740868
22174872
27494142
18585742
21600991
27096431
23599165
21606658
29582502
27568587
22360624
26604273
28504911
18633788
26969865
30077577
18783371
27039141
26567160
15701234
20071521
24936688
15006683
27375449
19304843
27576746
20045478
31090126
23298748
25088911
31011853
18633845
30300745
25885446
21569855
22125232
21864459
26481048
30649548
29077925
20350187
21664277
19199417
18313858
30852994
20943931
23770622
20098696
18431500
19199419
27122031
17100784
24880954
21981758
17536964
28289200
23251653
23110882
15862225
23887806
21761508
25820129
24089495
27458349
27405334
24144548
30455187
22905026
25338630
31729396
26514295
22403154
30085122
29959970
22290781
29992485
18486489
27642220
23911672
28551067
22490923
26541443
15327630
