25765593
31855701
26707088
31028922
25017648
26162239
31362049
31837376
27375133
31783116
24449854
23416087
28735643
27989775
25088911
12202103
29959970
21356316
26994483
17055981
19398309
23528247
19559343
24051621
19446457
15860339
25996424
20223797
19596021
18234518
19633063
17583991
24740586
18412845
27978457
26384778
27856343
18586108
26744541
30846366
29601981
20598548
22819972
11352615
27979699
26825440
28142074
31978745
27424063
31882274
17986835
18313858
29931116
24639542
19136216
19620107
22982277
30825583
25277690
26776080
27889465
24927685
30885789
22507699
26746181
30639342
28735169
28947180
30272123
24626638
22563008
22840551
24157401
30843728
31112784
19605539
23419544
23017597
31492567
