29806978
29740753
29432769
29408539
29265483
29221830
29582502
29164726
29073111
29039129
28905269
28643894
28583386
28557690
28551067
28540647
28504911
28477977
28289200
27856343
27496338
27568587
27622781
27576746
27528669
27510495
27405334
27358450
27319001
27236373
27217118
27167401
29777673
27165762
27129794
27109357
27095057
27039141
27007121
26969865
26908320
26892859
26825440
26812250
26803059
26656563
26621704
26608245
26604273
26598684
26567160
26541443
26514295
26417673
26385612
26342221
26323252
26318628
26262561
26254589
26235682
26206505
26162239
26117505
25996424
25987597
25944965
25929599
25911123
25848050
25820129
25716010
25697049
25640962
27642220
25534111
25315788
25281889
25220190
25088911
25042446
24936688
24880954
24842782
24825504
24824165
24814646
24795436
24726338
24652858
24639542
24633532
24583253
24493846
24462962
24414614
24412433
24294906
24294841
24243619
24144548
24106333
24089495
24084068
24068815
24051621
23911672
23887806
23850465
23813661
23770622
23740868
23720575
23696200
23684882
23620602
23599165
23574585
23528247
23508477
23482624
23460073
23327932
23298748
23249349
23110882
23063451
22956840
22841755
22726841
22661409
22623534
22563005
22507230
22490923
22349798
22308468
22019860
21955370
21940454
21908447
21862446
21849560
21703352
21606658
21600991
26302673
21320516
20705602
20534459
20350171
20188190
20188182
20096792
20071521
20056152
20045478
19944083
19733672
19439183
19347874
19304843
19199419
19015088
18985119
18985118
18633856
18633788
18603608
18585742
18537114
18514546
18501639
18486491
18439411
18370602
18234518
17986835
17964185
17627852
17404215
17071110
17055981
16759672
16406606
16171833
16122944
16055351
16035037
15862225
15701234
15528097
15488424
15006683
14980212
11850635
11496124
26143208
24760733
24666131
24412687
24097375
23948645
23876243
22371086
22360624
10607399
11352615
12202103
14568477
15808992
17408704
18586108
18783371
19107754
19136216
19596021
20119878
27716474
20923708
18486489
31783116
31090126
31063817
31028922
31011853
30930310
30852995
30852994
30825583
30794869
30698656
30658938
30639342
30389840
30300745
30272134
30056560
29959970
29931116
30077577
29366950
23142071
28465434
27091676
26188122
22982277
21164174
19739909
23804962
23639347
22563008
21664277
21569855
22125232
21864459
19199417
20350187
18313858
